20090226
20090219
20090212
20090205
20090129
20090122
20090115
20090108
20090102
20081229
20081218
20081211
20081204
20081128
20081120
20081113
20081106
20081030
20081023
20081016
20081009
20081002
20080925
20080918
20080911
20080904
20080828
20080821
20080814
20080807
20080731
20080724
20080717
20080710
20080703
20080626
20080619
20080612
20080605
20080529
20080522
20080515
20080508
20080501
20080424
20080417
20080410
20080403
20080327
20080320
20080313
20080306
20080228
20080221
20080214
20080207
20080131
20080124
20080117
20080110
20080103
20071227
20071220
20071213
20071206
20071129
20071123
20071115
20071108
20071101
20071025
20071018
20071011
20071004
20070927
20070920
20070913
20070906
20070830
20070823
20070816
20070809
20070802
20070726
20070719
20070712
20070705
20070628
20070621
20070614
20070607
20070531
20070524
20070517
20070510
20070503
20070426
20070419
20070412
20070405
20070329
20070322
20070315
20070308
20070301
20070222
20070215
20070208
20070201
20070125
20070118
20070111
20070104