20090226
20090219
20090212
20090205
20090129
20090122
20090115
20090108
20090102
20081229
20081218
20081211
20081204
20081128
20081120
20081113
20081106
20081030
20081023
20081016
20081009
20081002
20080925
20080918
20080911
20080904
20080828
20080821
20080814
20080807
20080731
20080724
20080717
20080710
20080703
20080626
20080619
20080612
20080605
20080529
20080522
20080515
20080508
20080501
20080424
20080417
20080410
20080403
20080327
20080320
20080313
20080306
20080228
20080221
20080214
20080207
20080131
20080124
20080117
20080110
20080103
20071227
20071220
20071213
20071206
20071129
20071123
20071115
20071108
20071101
20071025
20071018
20071011
20071004
20070927
20070920
20070913
20070906
20070830
20070823
20070816
20070809
20070802
20070726
20070719
20070712
20070705
20070628
20070621
20070614
20070607
20070531
20070524
20070517
20070510
20070503
20070426
20070419
20070412
20070405
20070329
20070322
20070315
20070308
20070301
20070222
20070215
20070208
20070201
20070125
20070118
20070111
20070104
20061228
20061221
20061214
20061207
20061130
20061124
20061116
20061109
20061102
20061026
20061019
20061012
20061005
20060928
20060921
20060914
20060907
20060831
20060824
20060817
20060810
20060803
20060727
20060720
20060713
20060706
20060629
20060622
20060615
20060608
20060601
20060525
20060518
20060511
20060504
20060427
20060420
20060413
20060406
20060330
20060323
20060316
20060309
20060302
20060223
20060216
20060209
20060202
20060126
20060119
20060112
20060105
20051229
20051222
20051215
20051208
20051201
20051125
20051117
20051110
20051103
20051027
20051020
20051013
20051006
20050929
20050922
20050915
20050908
20050901
20050825
20050818
20050811
20050804
20050728
20050721
20050714
20050707
20050630
20050623
20050616
20050609
20050602
20050526
20050519
20050512
20050505
20050428
20050421
20050414
20050407
20050331
20050324
20050317
20050310
20050305
20050224
20050217
20050210
20050203
20050127
20050120
20050113
20050106
20041230
20041223
20041216
20041209
20041202
20041126
20041118
20041112
20041104
20041028
20041021
20041014
20041007
20040930
20040923
20040916
20040909
20040902
20040826
20040819
20040812
20040805
20040729
20040722
20040715
20040708
20040701
20040624
20040617
20040610
20040603
20040527
20040520
20040513
20040506
20040429
20040422
20040415
20040408
20040401
20040325
20040318
20040311
20040304
20040226
20040219
20040212
20040205
20040129
20040122
20040115
20040108
20040102
20031226
20031218
20031211
20031204
20031128
20031120
20031113
20031106
20031030
20031023
20031016
20031009
20031002
20030925
20030918
20030911
20030904
20030828
20030821
20030814
20030807
20030731
20030724
20030717
20030710
20030703
20030626
20030619
20030612
20030605
20030529
20030522
20030515
20030508
20030501
20030424
20030417
20030410
20030403
20030327
20030320
20030313
20030306
20030227
20030220
20030213
20030206
20030130
20030123
20030116
20030109
20030102
20021226
20021219
20021212
20021205
20021129
20021121
20021114
20021107
20021031
20021024
20021017
20021010
20021003
20020926
20020919
20020912
20020905
20020829
20020822
20020815
20020808
20020801
20020725
20020718
20020711
20020705
20020627
20020620
20020613
20020606
20020530
20020523
20020516
20020509
20020502
20020425
20020418
20020411
20020404
20020328
20020321
20020314
20020307
20020228
20020221
20020214
20020207
20020131
20020124
20020117
20020110
20020103
20011227
20011220
20011213
20011206
20011129
20011123
20011115
20011108
20011101
20011025
20011018
20011011
20011004
20010927
20010920
20010913
20010906
20010830
20010823
20010816
20010809
20010802
20010726
20010719
20010712
20010705
20010628
20010621
20010614
20010607
20010531
20010524
20010517
20010510
20010503
20010426
20010419
20010412
20010405
20010329
20010322
20010315
20010308
20010301
20010222
20010215
20010208
20010201
20010125
20010118
20010111
20010104
20001228
20001221
20001214
20001207
20001130
20001124
20001116
20001109
20001102
20001026
20001019
20001012
20001005
20000928
20000921
20000914
20000907
20000831
20000824
20000817
20000810
20000803
20000727
20000720
20000713
20000706
20000629
20000622
20000615
20000608
20000601
20000525
20000518
20000511
20000504
20000427
20000420
20000413
20000406
20000330
20000323
20000316
20000309
20000302
20000224
20000217
20000210
20000203
20000127
20000120
20000113
20000106
19991230
19991223
19991216
19991209
19991202
19991126
19991118
19991112
19991104
19991028
19991021
19991014
19991007
19990930
19990923
19990916
19990909
19990902
19990826
19990819
19990812
19990805
19990729
19990722
19990715
19990708
19990701
19990624
19990617
19990610
19990603
19990527
19990520
19990513
19990506
19990429
19990422
19990415
19990408
19990401
19990325
19990318
19990311
19990304
19990225
19990218
19990211
19990204
19990128
19990121
19990114
19990107
19981231
19981224
19981217
19981210
19981203
19981127
19981119
19981112
19981105
19981029
19981022
19981015
19981008
19981001
19980924
19980917
19980910
19980903
19980827
19980820
19980813
19980806
19980730
19980723
19980716
19980709
19980702
19980625
19980618
19980611
19980604
19980528
19980521
19980514
19980507
19980430
19980423
19980416
19980409
19980402
19980326
19980319
19980312
19980305
19980226
19980219
19980212
19980205
19980129
19980122
19980115
19980108
19980102
19971226
19971218
19971211
19971204
19971128
19971120
19971113
19971106
19971030
19971023
19971016
19971009
19971002
19970925
19970918
19970911
19970904
19970828
19970821
19970814
19970807
19970731
19970724
19970717
19970710
19970703
19970626
19970619
19970612
19970605
19970529
19970522
19970515
19970508
19970501
19970424
19970417
19970410
19970403
19970327
19970320
19970313
19970306
19970227
19970220
19970213
19970206
19970130
19970123
19970116
19970109
19970102
19961226
19961219
19961212
19961205
19961129
19961121
19961114
19961107
19961031
19961024
19961017
19961010
19961003
19960926
19960919
19960912
19960905
19960829
19960822
19960815
19960808
19960801
19960725
19960718
19960711
19960705
19960627