10.405
10.410
10.411
10.415
10.417
10.420
10.427
10.433
10.438
10.441
10.442
10.444
10.445
10.446
10.447
10.448
10.788
10.789
14.103
14.108
14.110
14.112
14.117
14.119
14.122
14.123
14.126
14.127
14.129
14.133
14.134
14.135
14.138
14.139
14.142
14.149
14.151
14.155
14.157
14.159
14.162
14.163
14.164
14.167
14.168
14.169
14.171
14.172
14.175
14.181
14.183
14.184
14.188
14.189
14.191
14.195
14.197
14.198
14.199
14.218
14.225
14.227
14.228
14.231
14.235
14.238
14.239
14.241
14.246
14.247
14.248
14.249
14.250
14.252
14.253
14.254
14.255
14.256
14.257
14.258
14.259
14.260
14.261
14.262
14.311
14.313
14.314
14.315
14.316
14.317
14.318
14.321
14.400
14.401
14.408
14.419
14.420
14.506
14.516
14.517
14.525
14.850
14.856
14.862
14.865
14.866
14.867
14.869
14.870
14.871
14.872
14.873
14.874
14.875
14.876
14.877
14.878
14.879
14.880
14.881
14.882
14.883
14.884
14.885
14.886
14.887
14.889
14.891
14.900
14.901
14.902
14.903
14.904
14.905
14.906
14.907
14.908
14.909
14.910
14.911
14.912
14.913
14.914
15.141
16.103
16.736
16.805
21.010
21.011
64.024
64.106
64.114
64.118
64.119
64.126
97.024